mutation_id	sample_id	cluster_id	cellular_prevalence	cellular_prevalence_std	variant_allele_frequency	neo_load
TCGA-D3-A2JG-06 7 142881273	TCGA-D3-A2JG-06	0	0.367008060580309	0.0782962643626901	0.177142857142857	0
TCGA-D3-A2JG-06 5 71016376	TCGA-D3-A2JG-06	0	0.389319884089865	0.0984612203134438	0.2	0
TCGA-D3-A2JG-06 11 74015355	TCGA-D3-A2JG-06	0	0.396391092952368	0.119109415947317	0.286458333333333	0
TCGA-D3-A2JG-06 12 95914926	TCGA-D3-A2JG-06	0	0.396612007926352	0.124779823350266	0.312138728323699	5
TCGA-D3-A2JG-06 7 140453136	TCGA-D3-A2JG-06	0	0.39909558393897	0.126355978424714	0.326086956521739	1
TCGA-D3-A2JG-06 1 47746773	TCGA-D3-A2JG-06	0	0.399347898128688	0.118047371363275	0.295180722891566	0
TCGA-D3-A2JG-06 23 153284759	TCGA-D3-A2JG-06	0	0.399492036108031	0.100665046566627	0.241379310344828	1
TCGA-D3-A2JG-06 2 65315800	TCGA-D3-A2JG-06	0	0.400991509471895	0.10505234808307	0.25	10
TCGA-D3-A2JG-06 11 73748584	TCGA-D3-A2JG-06	0	0.402648698148635	0.1139088349683	0.280851063829787	0
TCGA-D3-A2JG-06 19 13247126	TCGA-D3-A2JG-06	0	0.403367799250848	0.088534213588723	0.215189873417722	0
TCGA-D3-A2JG-06 2 233194675	TCGA-D3-A2JG-06	0	0.403446120480817	0.112509563554479	0.292682926829268	0
TCGA-D3-A2JG-06 1 160340839	TCGA-D3-A2JG-06	0	0.405020772274962	0.121329820516878	0.329113924050633	0
TCGA-D3-A2JG-06 6 36995237	TCGA-D3-A2JG-06	0	0.405171354350957	0.111047551375327	0.27810650887574	0
TCGA-D3-A2JG-06 7 83032082	TCGA-D3-A2JG-06	0	0.405750518086275	0.118714074009336	0.32	0
TCGA-D3-A2JG-06 3 189526072	TCGA-D3-A2JG-06	0	0.405798317877942	0.108159989347068	0.275167785234899	0
TCGA-D3-A2JG-06 11 78372617	TCGA-D3-A2JG-06	0	0.406488324398959	0.105772608630082	0.277777777777778	0
TCGA-D3-A2JG-06 4 71275483	TCGA-D3-A2JG-06	0	0.406535387052713	0.0907508167551955	0.223684210526316	0
TCGA-D3-A2JG-06 5 176951979	TCGA-D3-A2JG-06	0	0.406664665919937	0.101760758252528	0.262295081967213	0
TCGA-D3-A2JG-06 19 10574557	TCGA-D3-A2JG-06	0	0.407252355219447	0.107190250056542	0.277777777777778	5
TCGA-D3-A2JG-06 6 32122816	TCGA-D3-A2JG-06	0	0.407313973210553	0.114460029169381	0.301587301587302	0
TCGA-D3-A2JG-06 14 38678811	TCGA-D3-A2JG-06	0	0.408145078542694	0.0977945565197705	0.25	0
TCGA-D3-A2JG-06 11 105774667	TCGA-D3-A2JG-06	0	0.408339110707242	0.106398970029773	0.26875	0
TCGA-D3-A2JG-06 4 134072765	TCGA-D3-A2JG-06	0	0.408408710659584	0.119476766880555	0.333333333333333	0
TCGA-D3-A2JG-06 3 150659495	TCGA-D3-A2JG-06	0	0.408514951725754	0.104788592293514	0.269230769230769	0
TCGA-D3-A2JG-06 19 10940994	TCGA-D3-A2JG-06	0	0.409069618986187	0.124132388266308	0.344827586206897	1
TCGA-D3-A2JG-06 2 219694899	TCGA-D3-A2JG-06	0	0.409111750746345	0.10796630804768	0.285714285714286	0
TCGA-D3-A2JG-06 21 14439174	TCGA-D3-A2JG-06	0	0.410211405111024	0.102690316080578	0.262626262626263	0
TCGA-D3-A2JG-06 6 88173915	TCGA-D3-A2JG-06	0	0.410215915263822	0.116731852559813	0.320754716981132	2
TCGA-D3-A2JG-06 19 13184813	TCGA-D3-A2JG-06	0	0.410687551578986	0.0977979989743016	0.25	1
TCGA-D3-A2JG-06 6 169637839	TCGA-D3-A2JG-06	0	0.410732632176258	0.113462494459316	0.30952380952381	0
TCGA-D3-A2JG-06 8 131859680	TCGA-D3-A2JG-06	0	0.410737018766309	0.0991384834161414	0.254901960784314	0
TCGA-D3-A2JG-06 6 159262893	TCGA-D3-A2JG-06	0	0.411433196874716	0.100229615737994	0.257575757575758	0
TCGA-D3-A2JG-06 18 51025778	TCGA-D3-A2JG-06	0	0.411515469602121	0.101342720832132	0.258620689655172	0
TCGA-D3-A2JG-06 19 10941011	TCGA-D3-A2JG-06	0	0.411563480875642	0.122752229693083	0.343283582089552	0
TCGA-D3-A2JG-06 6 43270055	TCGA-D3-A2JG-06	0	0.411723824684308	0.109191039619899	0.307692307692308	0
TCGA-D3-A2JG-06 14 105201410	TCGA-D3-A2JG-06	0	0.411946748907604	0.109226732609517	0.307692307692308	0
TCGA-D3-A2JG-06 6 117198636	TCGA-D3-A2JG-06	0	0.411970658094075	0.109989981353231	0.307692307692308	0
TCGA-D3-A2JG-06 18 56204264	TCGA-D3-A2JG-06	0	0.412055372055608	0.0964103127001811	0.247706422018349	8
TCGA-D3-A2JG-06 22 21331325	TCGA-D3-A2JG-06	0	0.412291360857802	0.122062289727038	0.347222222222222	9
TCGA-D3-A2JG-06 11 65349567	TCGA-D3-A2JG-06	0	0.412552539350514	0.115833509390637	0.333333333333333	0
TCGA-D3-A2JG-06 16 705369	TCGA-D3-A2JG-06	0	0.412737378043504	0.114607210316019	0.325581395348837	0
TCGA-D3-A2JG-06 17 61568584	TCGA-D3-A2JG-06	0	0.413764278570682	0.111069395808961	0.318181818181818	0
TCGA-D3-A2JG-06 17 17122455	TCGA-D3-A2JG-06	0	0.413991710718185	0.13519630867656	0.355	0
TCGA-D3-A2JG-06 18 59212366	TCGA-D3-A2JG-06	0	0.415821938520425	0.0883093504673676	0.233576642335766	0
TCGA-D3-A2JG-06 12 78225316	TCGA-D3-A2JG-06	0	0.416988101482479	0.0940362799437791	0.25	0
TCGA-D3-A2JG-06 12 402015	TCGA-D3-A2JG-06	0	0.417524440574195	0.0883286594698665	0.23780487804878	3
TCGA-D3-A2JG-06 14 65260293	TCGA-D3-A2JG-06	0	0.418069807850452	0.1188846596005	0.348837209302326	0
TCGA-D3-A2JG-06 2 191894583	TCGA-D3-A2JG-06	0	0.421396606128819	0.0783958756226817	0.225108225108225	4
TCGA-D3-A2JG-06 7 143047514	TCGA-D3-A2JG-06	0	0.422172383840081	0.122199086079372	0.363636363636364	1
TCGA-D3-A2JG-06 23 102339391	TCGA-D3-A2JG-06	0	0.422680752406415	0.0782312477941425	0.225225225225225	4
TCGA-D3-A2JG-06 3 186390628	TCGA-D3-A2JG-06	0	0.425323312420914	0.12096614735126	0.375	0
TCGA-D3-A2JG-06 7 143793006	TCGA-D3-A2JG-06	0	0.427238450417456	0.077280287471053	0.231527093596059	0
TCGA-D3-A2JG-06 12 49375301	TCGA-D3-A2JG-06	0	0.43224779401461	0.119843873031213	0.5	5
TCGA-D3-A2JG-06 1 233136157	TCGA-D3-A2JG-06	0	0.44947449612691	0.112009519214555	0.409836065573771	2
TCGA-D3-A2JG-06 1 174200433	TCGA-D3-A2JG-06	0	0.458432041931339	0.107133049023463	0.42578125	17
TCGA-D3-A2JG-06 7 123594215	TCGA-D3-A2JG-06	0	0.461045004289689	0.0961666564830254	0.46031746031746	0
TCGA-D3-A2JG-06 Y 16952495	TCGA-D3-A2JG-06	0	0.461352662186559	0.101965924235633	0.443396226415094	0
TCGA-D3-A2JG-06 6 131201339	TCGA-D3-A2JG-06	0	0.461410991150025	0.100134042021555	0.443478260869565	3
TCGA-D3-A2JG-06 9 111976086	TCGA-D3-A2JG-06	0	0.463088655072433	0.100706220762101	0.45	0
TCGA-D3-A2JG-06 1 86959145	TCGA-D3-A2JG-06	0	0.464949441271317	0.0984526422556231	0.457943925233645	0
TCGA-D3-A2JG-06 11 92532891	TCGA-D3-A2JG-06	1	0.065358514142006	0.0543103453125451	0.0238568588469185	0
TCGA-D3-A2JG-06 21 35468710	TCGA-D3-A2JG-06	1	0.0656511281115387	0.0544815010796413	0.0252427184466019	0
TCGA-D3-A2JG-06 6 31848861	TCGA-D3-A2JG-06	1	0.0682511492231012	0.0562484210372568	0.0340909090909091	0
TCGA-D3-A2JG-06 11 93543018	TCGA-D3-A2JG-06	1	0.0697486557705554	0.0583404871163135	0.0364583333333333	0
TCGA-D3-A2JG-06 21 33887456	TCGA-D3-A2JG-06	1	0.0783775347390405	0.0678228614999126	0.0510948905109489	0
TCGA-D3-A2JG-06 2 152670746	TCGA-D3-A2JG-06	1	0.0791730304926314	0.0688715854334742	0.0542168674698795	0
TCGA-D3-A2JG-06 2 191903927	TCGA-D3-A2JG-06	1	0.150353040089655	0.114674273442438	0.0752688172043011	4
TCGA-D3-A2JG-06 21 14414855	TCGA-D3-A2JG-06	1	0.151362785931394	0.120698273633377	0.0677966101694915	0
