mutation_id	sample_id	cluster_id	cellular_prevalence	cellular_prevalence_std	variant_allele_frequency	neo_load
TCGA-BF-A3DN-01 GL000205.1 117561	TCGA-BF-A3DN-01	0	0.344174709771055	0.0623720485640581	0.129032258064516	0
TCGA-BF-A3DN-01 1 153270485	TCGA-BF-A3DN-01	0	0.345051537915932	0.0332401647044564	0.153846153846154	0
TCGA-BF-A3DN-01 2 1926514	TCGA-BF-A3DN-01	0	0.347065564152235	0.050078109245058	0.137254901960784	0
TCGA-BF-A3DN-01 4 47663875	TCGA-BF-A3DN-01	0	0.35298261032913	0.0536255373231744	0.16	0
TCGA-BF-A3DN-01 17 11840675	TCGA-BF-A3DN-01	0	0.353735549494436	0.0336019505031766	0.16551724137931	3
TCGA-BF-A3DN-01 7 93108821	TCGA-BF-A3DN-01	0	0.358870614881915	0.0635424898247648	0.308571428571429	0
TCGA-BF-A3DN-01 5 140215804	TCGA-BF-A3DN-01	0	0.359668881039185	0.0327816288937115	0.180645161290323	0
TCGA-BF-A3DN-01 4 148460990	TCGA-BF-A3DN-01	0	0.360174531456198	0.0676511141628783	0.299270072992701	14
TCGA-BF-A3DN-01 17 5041493	TCGA-BF-A3DN-01	0	0.36052704834265	0.074682851140721	0.295698924731183	1
TCGA-BF-A3DN-01 6 55216368	TCGA-BF-A3DN-01	0	0.360680655177477	0.0450261001892318	0.208333333333333	5
TCGA-BF-A3DN-01 7 121653532	TCGA-BF-A3DN-01	0	0.360997565992695	0.0593322522122833	0.323699421965318	0
TCGA-BF-A3DN-01 2 143790836	TCGA-BF-A3DN-01	0	0.361398496583665	0.0552696594045397	0.339853300733496	0
TCGA-BF-A3DN-01 3 194379705	TCGA-BF-A3DN-01	0	0.361412332310141	0.0298022364992404	0.186770428015564	4
TCGA-BF-A3DN-01 11 62911066	TCGA-BF-A3DN-01	0	0.361693157410791	0.0514282308380862	0.222222222222222	0
TCGA-BF-A3DN-01 14 74972782	TCGA-BF-A3DN-01	0	0.361762256620672	0.0581685851641702	0.331550802139037	0
TCGA-BF-A3DN-01 5 82817123	TCGA-BF-A3DN-01	0	0.362294622093304	0.0417674765496086	0.2	1
TCGA-BF-A3DN-01 16 57060787	TCGA-BF-A3DN-01	0	0.362564003392677	0.0580924700394605	0.336538461538462	0
TCGA-BF-A3DN-01 19 9073897	TCGA-BF-A3DN-01	0	0.362582737535021	0.0701744430823268	0.290598290598291	0
TCGA-BF-A3DN-01 12 88512305	TCGA-BF-A3DN-01	0	0.362588510599556	0.0670829974927974	0.25	0
TCGA-BF-A3DN-01 5 121780306	TCGA-BF-A3DN-01	0	0.362597966486222	0.0591134947830974	0.331210191082803	0
TCGA-BF-A3DN-01 11 102745631	TCGA-BF-A3DN-01	0	0.362660899965973	0.0558754704656527	0.25	0
TCGA-BF-A3DN-01 14 89093244	TCGA-BF-A3DN-01	0	0.363217904967746	0.0614554672189788	0.319148936170213	5
TCGA-BF-A3DN-01 18 29054229	TCGA-BF-A3DN-01	0	0.363821925920685	0.0643454935319248	0.308641975308642	0
TCGA-BF-A3DN-01 15 27128562	TCGA-BF-A3DN-01	0	0.363879271209009	0.0587598931210219	0.341040462427746	19
TCGA-BF-A3DN-01 13 33306319	TCGA-BF-A3DN-01	0	0.364628304958793	0.0558316058084296	0.25	0
TCGA-BF-A3DN-01 20 40877386	TCGA-BF-A3DN-01	0	0.364712000535536	0.0450333448398783	0.218390804597701	0
TCGA-BF-A3DN-01 12 3147221	TCGA-BF-A3DN-01	0	0.364909915251416	0.0655014639682562	0.276315789473684	0
TCGA-BF-A3DN-01 18 28971146	TCGA-BF-A3DN-01	0	0.36502514749918	0.0598985116420694	0.342105263157895	0
TCGA-BF-A3DN-01 3 148924059	TCGA-BF-A3DN-01	0	0.365078580168235	0.0594833811773551	0.345029239766082	0
TCGA-BF-A3DN-01 5 73168939	TCGA-BF-A3DN-01	0	0.36585839621836	0.0578803384421984	0.277777777777778	0
TCGA-BF-A3DN-01 17 10310124	TCGA-BF-A3DN-01	0	0.366054702518263	0.0629371369380773	0.289473684210526	0
TCGA-BF-A3DN-01 19 44470724	TCGA-BF-A3DN-01	0	0.366114656021315	0.0565594323543156	0.357894736842105	16
TCGA-BF-A3DN-01 19 55333038	TCGA-BF-A3DN-01	0	0.366238928507893	0.0533715311292514	0.360759493670886	0
TCGA-BF-A3DN-01 15 66729162	TCGA-BF-A3DN-01	0	0.366443209769571	0.0481396703806379	0.224489795918367	8
TCGA-BF-A3DN-01 19 55239263	TCGA-BF-A3DN-01	0	0.366659812847998	0.0579989953017267	0.355670103092784	0
TCGA-BF-A3DN-01 5 24535308	TCGA-BF-A3DN-01	0	0.366767051058537	0.0467213109746428	0.224299065420561	1
TCGA-BF-A3DN-01 1 118495284	TCGA-BF-A3DN-01	0	0.366945636395847	0.0456733786112578	0.221311475409836	0
TCGA-BF-A3DN-01 5 42711475	TCGA-BF-A3DN-01	0	0.367162919356407	0.0475600949267979	0.225225225225225	0
TCGA-BF-A3DN-01 9 36118962	TCGA-BF-A3DN-01	0	0.367229147853768	0.0607216615641862	0.247706422018349	0
TCGA-BF-A3DN-01 19 42839252	TCGA-BF-A3DN-01	0	0.367349069286775	0.0647183417288968	0.260869565217391	0
TCGA-BF-A3DN-01 22 38041502	TCGA-BF-A3DN-01	0	0.368853779101041	0.0644331020151843	0.252100840336134	0
TCGA-BF-A3DN-01 8 139163542	TCGA-BF-A3DN-01	0	0.369119483412063	0.0652916557523568	0.354430379746835	0
TCGA-BF-A3DN-01 11 2592606	TCGA-BF-A3DN-01	0	0.369887109303911	0.0595794703015998	0.24390243902439	0
TCGA-BF-A3DN-01 10 93851	TCGA-BF-A3DN-01	0	0.37015673479141	0.0533949492222281	0.234042553191489	0
TCGA-BF-A3DN-01 3 186459342	TCGA-BF-A3DN-01	0	0.371378186302266	0.0620356045787731	0.371428571428571	0
TCGA-BF-A3DN-01 1 67666516	TCGA-BF-A3DN-01	0	0.373552021176273	0.0700946221126015	0.371428571428571	0
TCGA-BF-A3DN-01 23 130678233	TCGA-BF-A3DN-01	0	0.373931320129509	0.063325589269862	0.382352941176471	0
TCGA-BF-A3DN-01 11 6291015	TCGA-BF-A3DN-01	0	0.374628699570091	0.0536558756935006	0.230414746543779	0
TCGA-BF-A3DN-01 2 175742832	TCGA-BF-A3DN-01	0	0.375884415336334	0.0728917701132308	0.386363636363636	0
TCGA-BF-A3DN-01 20 3759160	TCGA-BF-A3DN-01	0	0.377463469811645	0.0759724205180696	0.4	3
TCGA-BF-A3DN-01 19 47124917	TCGA-BF-A3DN-01	0	0.377730474625189	0.0724609956714232	0.391891891891892	0
TCGA-BF-A3DN-01 23 73963375	TCGA-BF-A3DN-01	0	0.378092251255873	0.0723289389692733	0.39	0
TCGA-BF-A3DN-01 10 33502319	TCGA-BF-A3DN-01	0	0.380094439130092	0.0668463298238584	0.392	0
TCGA-BF-A3DN-01 19 35449284	TCGA-BF-A3DN-01	0	0.381958723111563	0.0715114481964637	0.401315789473684	2
TCGA-BF-A3DN-01 19 37117823	TCGA-BF-A3DN-01	0	0.386767022655219	0.0757317561836235	0.402542372881356	0
TCGA-BF-A3DN-01 10 82272022	TCGA-BF-A3DN-01	0	0.38703534305186	0.0855116936207066	0.4375	0
TCGA-BF-A3DN-01 12 81503432	TCGA-BF-A3DN-01	0	0.391770531418073	0.0883124138319609	0.425742574257426	0
TCGA-BF-A3DN-01 12 5021217	TCGA-BF-A3DN-01	0	0.392964891036662	0.0890443129966246	0.428571428571429	8
TCGA-BF-A3DN-01 12 117461999	TCGA-BF-A3DN-01	0	0.399239516865237	0.096262884162118	0.443298969072165	0
TCGA-BF-A3DN-01 8 2017587	TCGA-BF-A3DN-01	0	0.41149724965619	0.108921385648829	0.426056338028169	14
TCGA-BF-A3DN-01 20 56099187	TCGA-BF-A3DN-01	1	0.0301631090956067	0.0120536436239136	0.00951086956521739	0
TCGA-BF-A3DN-01 2 26022304	TCGA-BF-A3DN-01	1	0.0404597211657119	0.0176941925637217	0.0297872340425532	0
TCGA-BF-A3DN-01 15 26806278	TCGA-BF-A3DN-01	1	0.0435387050564231	0.024994622395188	0.037037037037037	0
TCGA-BF-A3DN-01 4 90856722	TCGA-BF-A3DN-01	1	0.0452197968296426	0.0298227250340973	0.0384615384615385	0
TCGA-BF-A3DN-01 8 144239833	TCGA-BF-A3DN-01	1	0.0471957797701049	0.0322970127059119	0.0427350427350427	0
TCGA-BF-A3DN-01 13 25161457	TCGA-BF-A3DN-01	2	0.270598706275028	0.126223972130887	0.08	0
TCGA-BF-A3DN-01 19 53959186	TCGA-BF-A3DN-01	3	0.370002193530509	0.0708099862521012	0.256756756756757	0
TCGA-BF-A3DN-01 17 37665992	TCGA-BF-A3DN-01	4	0.367859817377444	0.0762816703483389	0.266233766233766	2
TCGA-BF-A3DN-01 2 234545533	TCGA-BF-A3DN-01	5	0.312758578057002	0.0737179331697017	0.111111111111111	0
